Optimal Area Polygonization
1150 11598
9696 10234
11312 7742
8672 3072
12234 7498
11978 9662
17942 9996
10426 10496
9840 11342
8642 11756
11228 12312
18262 13606
15100 14710
13914 13366
3786 16044
1150 11598 9696 10234
9696 10234 11312 7742
11312 7742 8672 3072
8672 3072 12234 7498
12234 7498 11978 9662
11978 9662 17942 9996
17942 9996 10426 10496
10426 10496 9840 11342
9840 11342 8642 11756
8642 11756 11228 12312
11228 12312 18262 13606
18262 13606 15100 14710
15100 14710 13914 13366
13914 13366 3786 16044
3786 16044 1150 11598
isSimplePolygon: 1
Algorithm: simulated_annealing_min
area_initial: 5.71961e+07
area: 5.29636e+07
ratio_initial: 0.42163
ratio: 0.390429
construction time: 8165
